ID	lgth	out	in	long_cov	short1_cov	short1_Ocov	short2_cov	short2_Ocov	long_nb	short1_nb	short2_nb
1	4	2	2	0.000000	661.750000	640.000000	0.000000	0.000000	0	345	0
2	1	2	1	0.000000	686.000000	669.000000	0.000000	0.000000	0	338	0
3	5	2	1	0.000000	661.200000	647.800000	0.000000	0.000000	0	347	0
4	8	2	1	0.000000	686.125000	682.875000	0.000000	0.000000	0	387	0
5	5	1	1	0.000000	707.000000	707.000000	0.000000	0.000000	0	383	0
6	6	1	2	0.000000	550.000000	543.000000	0.000000	0.000000	0	292	0
7	2	1	2	0.000000	482.000000	473.000000	0.000000	0.000000	0	246	0
8	14	1	2	0.000000	277.642857	271.500000	0.000000	0.000000	0	271	0
9	11	2	2	0.000000	222.818182	212.363636	0.000000	0.000000	0	136	0
10	31	1	1	0.000000	256.548387	245.225806	0.000000	0.000000	0	213	0
11	7	1	2	0.000000	458.000000	436.571429	0.000000	0.000000	0	247	0
12	4	1	1	0.000000	5481.250000	5127.750000	0.000000	0.000000	0	2914	0
13	1	2	2	0.000000	5438.000000	5040.000000	0.000000	0.000000	0	2764	0
14	1	3	1	0.000000	5199.000000	4827.000000	0.000000	0.000000	0	2635	0
15	2	2	1	0.000000	5164.000000	4798.000000	0.000000	0.000000	0	2637	0
16	3	1	1	0.000000	5089.333333	4717.000000	0.000000	0.000000	0	2632	0
17	1	1	2	0.000000	5313.000000	4941.000000	0.000000	0.000000	0	2680	0
18	7	2	2	0.000000	4971.000000	3588.428571	0.000000	0.000000	0	2751	0
19	6	2	1	0.000000	4210.000000	3906.000000	0.000000	0.000000	0	2278	0
20	2	1	2	0.000000	3735.000000	3466.000000	0.000000	0.000000	0	1930	0
21	5	2	2	0.000000	3345.800000	2405.400000	0.000000	0.000000	0	1898	0
22	4	1	1	0.000000	2726.250000	2534.250000	0.000000	0.000000	0	1440	0
23	3	3	2	0.000000	2427.333333	2235.000000	0.000000	0.000000	0	1285	0
24	2	2	1	0.000000	2133.500000	1960.000000	0.000000	0.000000	0	1102	0
25	3	2	1	0.000000	1735.000000	1579.333333	0.000000	0.000000	0	894	0
26	2	2	1	0.000000	1676.500000	1545.000000	0.000000	0.000000	0	854	0
27	1	1	1	0.000000	1676.000000	1558.000000	0.000000	0.000000	0	841	0
28	6	2	2	0.000000	1682.333333	789.166667	0.000000	0.000000	0	877	0
29	5	3	1	0.000000	1572.000000	1171.200000	0.000000	0.000000	0	862	0
30	2	2	1	0.000000	1246.500000	1178.000000	0.000000	0.000000	0	663	0
31	1	2	1	0.000000	1173.000000	1120.000000	0.000000	0.000000	0	597	0
32	12	2	1	0.000000	587.750000	559.333333	0.000000	0.000000	0	359	0
33	3	2	1	0.000000	245.000000	227.333333	0.000000	0.000000	0	124	0
34	1	2	1	0.000000	239.000000	221.000000	0.000000	0.000000	0	120	0
35	31	3	1	0.000000	394.032258	167.451613	0.000000	0.000000	0	467	0
36	6	1	2	0.000000	360.333333	343.166667	0.000000	0.000000	0	183	0
37	20	2	2	0.000000	349.900000	326.950000	0.000000	0.000000	0	236	0
38	4	1	1	0.000000	333.250000	305.750000	0.000000	0.000000	0	208	0
39	5	1	2	0.000000	373.400000	344.800000	0.000000	0.000000	0	202	0
40	31	1	2	0.000000	346.580645	280.580645	0.000000	0.000000	0	276	0
41	1	2	1	0.000000	198.000000	194.000000	0.000000	0.000000	0	105	0
42	3	2	1	0.000000	205.333333	202.000000	0.000000	0.000000	0	113	0
43	1	2	1	0.000000	204.000000	201.000000	0.000000	0.000000	0	111	0
44	4	2	1	0.000000	209.500000	205.250000	0.000000	0.000000	0	128	0
45	5	2	1	0.000000	265.000000	261.200000	0.000000	0.000000	0	162	0
46	4	2	1	0.000000	269.000000	268.250000	0.000000	0.000000	0	157	0
47	2	2	1	0.000000	275.000000	272.500000	0.000000	0.000000	0	154	0
48	1	1	1	0.000000	272.000000	270.000000	0.000000	0.000000	0	149	0
49	6	1	2	0.000000	283.500000	281.333333	0.000000	0.000000	0	159	0
50	5	2	2	0.000000	282.600000	280.200000	0.000000	0.000000	0	159	0
51	6	1	1	0.000000	2548.000000	2408.333333	0.000000	0.000000	0	1302	0
52	1	2	3	0.000000	2752.000000	2605.000000	0.000000	0.000000	0	1296	0
53	7	2	1	0.000000	2695.428571	2557.428571	0.000000	0.000000	0	1363	0
54	7	2	2	0.000000	2797.714286	2272.000000	0.000000	0.000000	0	1447	0
55	8	2	1	0.000000	3005.500000	2830.750000	0.000000	0.000000	0	1593	0
56	21	1	2	0.000000	1429.380952	1048.523810	0.000000	0.000000	0	1037	0
57	8	2	2	0.000000	1189.250000	882.500000	0.000000	0.000000	0	644	0
58	26	1	1	0.000000	892.346154	856.153846	0.000000	0.000000	0	749	0
59	13	2	2	0.000000	1616.076923	1175.076923	0.000000	0.000000	0	1077	0
60	6	2	1	0.000000	1512.000000	1438.166667	0.000000	0.000000	0	829	0
61	19	1	2	0.000000	1572.684211	1439.789474	0.000000	0.000000	0	918	0
62	12	1	2	0.000000	1376.583333	806.083333	0.000000	0.000000	0	929	0
63	3	3	2	0.000000	1272.333333	811.666667	0.000000	0.000000	0	651	0
64	26	2	1	0.000000	1015.307692	743.346154	0.000000	0.000000	0	902	0
65	1	2	1	0.000000	1127.000000	1079.000000	0.000000	0.000000	0	561	0
66	2	2	1	0.000000	1091.000000	1047.500000	0.000000	0.000000	0	557	0
67	9	2	1	0.000000	1097.333333	934.222222	0.000000	0.000000	0	586	0
68	1	2	1	0.000000	1142.000000	1102.000000	0.000000	0.000000	0	567	0
69	13	2	1	0.000000	1250.923077	1112.846154	0.000000	0.000000	0	783	0
70	8	2	2	0.000000	1381.750000	987.375000	0.000000	0.000000	0	733	0
71	50	1	2	0.000000	401.480000	379.960000	0.000000	0.000000	0	374	0
72	65	1	2	0.000000	837.723077	712.000000	0.000000	0.000000	0	892	0
73	125	2	0	0.000000	582.584000	429.536000	0.000000	0.000000	0	1106	0
74	14	2	1	0.000000	949.571429	855.714286	0.000000	0.000000	0	606	0
75	14	2	2	0.000000	1321.428571	1243.500000	0.000000	0.000000	0	809	0
76	6	1	1	0.000000	749.000000	638.333333	0.000000	0.000000	0	475	0
77	1	1	2	0.000000	756.000000	642.000000	0.000000	0.000000	0	414	0
78	5	2	2	0.000000	750.200000	624.600000	0.000000	0.000000	0	411	0
79	2	1	1	0.000000	761.500000	642.500000	0.000000	0.000000	0	419	0
80	1	2	2	0.000000	940.000000	801.000000	0.000000	0.000000	0	483	0
81	22	2	1	0.000000	836.227273	510.863636	0.000000	0.000000	0	554	0
82	4	1	1	0.000000	658.500000	623.000000	0.000000	0.000000	0	328	0
83	4	2	2	0.000000	545.250000	509.500000	0.000000	0.000000	0	255	0
84	2	2	1	0.000000	521.000000	487.000000	0.000000	0.000000	0	240	0
85	4	2	1	0.000000	472.000000	435.500000	0.000000	0.000000	0	228	0
86	3	2	1	0.000000	430.000000	405.333333	0.000000	0.000000	0	207	0
87	1	2	1	0.000000	406.000000	389.000000	0.000000	0.000000	0	190	0
88	3	2	1	0.000000	383.000000	123.666667	0.000000	0.000000	0	186	0
89	10	1	1	0.000000	324.900000	317.700000	0.000000	0.000000	0	192	0
90	5	2	2	0.000000	288.200000	285.800000	0.000000	0.000000	0	145	0
91	2	2	1	0.000000	277.500000	276.000000	0.000000	0.000000	0	140	0
92	3	1	1	0.000000	228.333333	228.000000	0.000000	0.000000	0	130	0
93	2	2	2	0.000000	207.500000	204.500000	0.000000	0.000000	0	101	0
94	5	1	1	0.000000	194.600000	191.600000	0.000000	0.000000	0	103	0
95	7	2	1	0.000000	869.285714	456.571429	0.000000	0.000000	0	539	0
96	25	1	1	0.000000	978.240000	741.320000	0.000000	0.000000	0	629	0
97	2	4	1	0.000000	1829.000000	1755.500000	0.000000	0.000000	0	1063	0
98	1	2	1	0.000000	2124.000000	2057.000000	0.000000	0.000000	0	1032	0
99	1	2	1	0.000000	2101.000000	2031.000000	0.000000	0.000000	0	1022	0
100	1	2	1	0.000000	2216.000000	2152.000000	0.000000	0.000000	0	1081	0
101	1	2	1	0.000000	2241.000000	2180.000000	0.000000	0.000000	0	1090	0
102	4	2	1	0.000000	2251.000000	2199.000000	0.000000	0.000000	0	1165	0
103	1	3	1	0.000000	2234.000000	2193.000000	0.000000	0.000000	0	1101	0
104	1	3	1	0.000000	2291.000000	2262.000000	0.000000	0.000000	0	1131	0
105	1	2	1	0.000000	2365.000000	2338.000000	0.000000	0.000000	0	1166	0
106	1	2	2	0.000000	2374.000000	2345.000000	0.000000	0.000000	0	1170	0
107	1	2	2	0.000000	2386.000000	2358.000000	0.000000	0.000000	0	1174	0
108	1	4	1	0.000000	2532.000000	2505.000000	0.000000	0.000000	0	1250	0
109	1	2	1	0.000000	2562.000000	2539.000000	0.000000	0.000000	0	1263	0
110	2	4	1	0.000000	2652.000000	2632.500000	0.000000	0.000000	0	1311	0
111	1	2	1	0.000000	2759.000000	2740.000000	0.000000	0.000000	0	1358	0
112	2	2	1	0.000000	2773.000000	2757.000000	0.000000	0.000000	0	1372	0
113	1	1	1	0.000000	2766.000000	2751.000000	0.000000	0.000000	0	1364	0
114	1	2	2	0.000000	2781.000000	2762.000000	0.000000	0.000000	0	1373	0
115	1	1	1	0.000000	2816.000000	2803.000000	0.000000	0.000000	0	1391	0
116	1	3	2	0.000000	2822.000000	2803.000000	0.000000	0.000000	0	1393	0
117	1	2	2	0.000000	2839.000000	2823.000000	0.000000	0.000000	0	1399	0
118	1	2	1	0.000000	2834.000000	2834.000000	0.000000	0.000000	0	1407	0
119	1	3	2	0.000000	2658.000000	2658.000000	0.000000	0.000000	0	1318	0
120	1	1	3	0.000000	2635.000000	2635.000000	0.000000	0.000000	0	1304	0
121	14	2	2	0.000000	1509.714286	1341.071429	0.000000	0.000000	0	887	0
122	1	1	2	0.000000	1427.000000	1378.000000	0.000000	0.000000	0	709	0
123	2	1	2	0.000000	1452.000000	1399.500000	0.000000	0.000000	0	727	0
124	1	1	2	0.000000	1438.000000	1384.000000	0.000000	0.000000	0	712	0
125	1	1	2	0.000000	1447.000000	1389.000000	0.000000	0.000000	0	717	0
126	3	1	2	0.000000	1531.000000	1465.666667	0.000000	0.000000	0	799	0
127	1	1	3	0.000000	1497.000000	1429.000000	0.000000	0.000000	0	751	0
128	1	1	2	0.000000	1472.000000	1402.000000	0.000000	0.000000	0	737	0
129	4	2	1	0.000000	1658.000000	1643.250000	0.000000	0.000000	0	893	0
130	1	2	1	0.000000	1802.000000	1795.000000	0.000000	0.000000	0	880	0
131	1	2	1	0.000000	1837.000000	1833.000000	0.000000	0.000000	0	893	0
132	1	2	1	0.000000	1820.000000	1820.000000	0.000000	0.000000	0	889	0
133	1	2	2	0.000000	1825.000000	1825.000000	0.000000	0.000000	0	889	0
134	1	1	2	0.000000	1793.000000	1793.000000	0.000000	0.000000	0	870	0
135	2	3	3	0.000000	1796.500000	1796.500000	0.000000	0.000000	0	874	0
136	1	1	1	0.000000	1783.000000	1783.000000	0.000000	0.000000	0	864	0
137	1	2	2	0.000000	1928.000000	1928.000000	0.000000	0.000000	0	935	0
138	1	1	2	0.000000	1821.000000	1821.000000	0.000000	0.000000	0	888	0
139	2	1	2	0.000000	1807.000000	1807.000000	0.000000	0.000000	0	910	0
140	10	2	2	0.000000	1737.900000	1513.300000	0.000000	0.000000	0	966	0
141	9	1	1	0.000000	2233.333333	2133.111111	0.000000	0.000000	0	1376	0
142	4	1	2	0.000000	3076.000000	2916.000000	0.000000	0.000000	0	1768	0
143	2	1	2	0.000000	3574.000000	3338.000000	0.000000	0.000000	0	1813	0
144	3	2	2	0.000000	3951.000000	3677.666667	0.000000	0.000000	0	2050	0
145	10	2	2	0.000000	4936.400000	4588.600000	0.000000	0.000000	0	3030	0
146	1	2	1	0.000000	5602.000000	5214.000000	0.000000	0.000000	0	2825	0
147	1	2	1	0.000000	5604.000000	5214.000000	0.000000	0.000000	0	2847	0
148	1	3	1	0.000000	5621.000000	5219.000000	0.000000	0.000000	0	2842	0
149	1	2	1	0.000000	5618.000000	5271.000000	0.000000	0.000000	0	2861	0
150	9	1	2	0.000000	1215.000000	1148.333333	0.000000	0.000000	0	735	0
151	5	1	2	0.000000	1130.600000	1082.200000	0.000000	0.000000	0	560	0
152	37	2	2	0.000000	1191.783784	708.648649	0.000000	0.000000	0	928	0
153	15	2	1	0.000000	1492.866667	1023.000000	0.000000	0.000000	0	1060	0
154	9	3	1	0.000000	2071.111111	1458.888889	0.000000	0.000000	0	1202	0
155	9	2	1	0.000000	1892.555556	1144.555556	0.000000	0.000000	0	1048	0
156	11	1	1	0.000000	1845.636364	1614.545455	0.000000	0.000000	0	1061	0
157	9	2	2	0.000000	1192.222222	242.555556	0.000000	0.000000	0	742	0
158	2	1	1	0.000000	1510.000000	1433.000000	0.000000	0.000000	0	825	0
159	3	3	2	0.000000	1713.333333	1632.000000	0.000000	0.000000	0	921	0
160	9	2	1	0.000000	1921.777778	1631.555556	0.000000	0.000000	0	1150	0
161	3	3	1	0.000000	2236.000000	2138.000000	0.000000	0.000000	0	1189	0
162	5	1	1	0.000000	2437.400000	1850.000000	0.000000	0.000000	0	1293	0
163	1	2	2	0.000000	3795.000000	3546.000000	0.000000	0.000000	0	1938	0
164	2	1	1	0.000000	3708.000000	3455.000000	0.000000	0.000000	0	1933	0
165	24	2	1	0.000000	582.375000	509.833333	0.000000	0.000000	0	476	0
166	18	2	1	0.000000	358.166667	37.944444	0.000000	0.000000	0	220	0
167	12	1	1	0.000000	648.500000	300.000000	0.000000	0.000000	0	334	0
168	7	3	2	0.000000	1017.857143	983.857143	0.000000	0.000000	0	559	0
169	1	1	1	0.000000	1089.000000	1051.000000	0.000000	0.000000	0	540	0
170	42	2	2	0.000000	954.380952	694.738095	0.000000	0.000000	0	807	0
171	2	2	1	0.000000	2275.000000	2144.500000	0.000000	0.000000	0	1305	0
172	6	2	1	0.000000	2607.000000	2072.500000	0.000000	0.000000	0	1442	0
173	5	2	1	0.000000	2830.000000	2146.600000	0.000000	0.000000	0	1520	0
174	8	1	1	0.000000	2900.000000	2716.250000	0.000000	0.000000	0	1586	0
175	5	1	2	0.000000	3021.800000	2842.400000	0.000000	0.000000	0	1588	0
176	206	2	0	0.000000	75.606796	72.655340	0.000000	0.000000	0	279	0
177	11	2	1	0.000000	208.545455	207.181818	0.000000	0.000000	0	115	0
178	15	1	1	0.000000	197.933333	197.933333	0.000000	0.000000	0	123	0
179	29	1	2	0.000000	167.344828	143.827586	0.000000	0.000000	0	131	0
180	9	1	2	0.000000	191.333333	191.333333	0.000000	0.000000	0	108	0
181	109	0	2	0.000000	170.715596	166.697248	0.000000	0.000000	0	252	0
182	10	2	2	0.000000	1274.500000	743.000000	0.000000	0.000000	0	684	0
183	1	1	1	0.000000	1330.000000	1279.000000	0.000000	0.000000	0	662	0
184	8	2	2	0.000000	1272.000000	313.125000	0.000000	0.000000	0	688	0
185	3	1	1	0.000000	1519.000000	983.000000	0.000000	0.000000	0	807	0
186	9	2	2	0.000000	1888.222222	1794.666667	0.000000	0.000000	0	981	0
187	1	1	1	0.000000	1925.000000	1831.000000	0.000000	0.000000	0	924	0
188	2	2	2	0.000000	1950.500000	1854.000000	0.000000	0.000000	0	940	0
189	2	2	1	0.000000	2050.000000	1964.500000	0.000000	0.000000	0	1002	0
190	5	2	1	0.000000	2109.800000	1616.000000	0.000000	0.000000	0	1052	0
191	9	1	1	0.000000	1989.111111	1670.888889	0.000000	0.000000	0	1089	0
192	22	2	2	0.000000	944.090909	503.045455	0.000000	0.000000	0	606	0
193	30	2	1	0.000000	703.933333	618.300000	0.000000	0.000000	0	617	0
194	1	1	1	0.000000	1182.000000	1182.000000	0.000000	0.000000	0	597	0
195	6	2	2	0.000000	1422.833333	908.333333	0.000000	0.000000	0	812	0
196	2	3	1	0.000000	1655.500000	810.500000	0.000000	0.000000	0	836	0
197	1	2	1	0.000000	1739.000000	1739.000000	0.000000	0.000000	0	887	0
198	1	2	3	0.000000	1763.000000	1763.000000	0.000000	0.000000	0	898	0
199	1	1	2	0.000000	248.000000	241.000000	0.000000	0.000000	0	118	0
200	473	0	0	0.000000	46.093023	44.619450	0.000000	0.000000	0	317	0
201	19	2	1	0.000000	685.052632	657.894737	0.000000	0.000000	0	490	0
202	2	2	1	0.000000	898.500000	859.500000	0.000000	0.000000	0	441	0
203	2	3	1	0.000000	910.000000	871.500000	0.000000	0.000000	0	440	0
204	4	1	1	0.000000	965.750000	927.500000	0.000000	0.000000	0	495	0
205	7	2	3	0.000000	1117.428571	1083.000000	0.000000	0.000000	0	628	0
206	2	1	1	0.000000	1156.500000	1138.000000	0.000000	0.000000	0	590	0
207	2	2	2	0.000000	1161.500000	576.000000	0.000000	0.000000	0	583	0
208	4	3	1	0.000000	1263.000000	1251.500000	0.000000	0.000000	0	674	0
209	112	0	2	0.000000	287.625000	195.401786	0.000000	0.000000	0	971	0
210	3	1	2	0.000000	3300.666667	3094.000000	0.000000	0.000000	0	1650	0
211	4	1	2	0.000000	3486.500000	3240.500000	0.000000	0.000000	0	1704	0
212	1	2	2	0.000000	3611.000000	3350.000000	0.000000	0.000000	0	1664	0
213	4	1	1	0.000000	3533.250000	2453.750000	0.000000	0.000000	0	1817	0
214	4	1	2	0.000000	3368.250000	3127.250000	0.000000	0.000000	0	1628	0
215	8	2	2	0.000000	3480.750000	2838.875000	0.000000	0.000000	0	1733	0
216	1	2	1	0.000000	3617.000000	3387.000000	0.000000	0.000000	0	1682	0
217	6	1	1	0.000000	3382.000000	3172.500000	0.000000	0.000000	0	1799	0
218	1	2	2	0.000000	2967.000000	2790.000000	0.000000	0.000000	0	1391	0
219	3	1	1	0.000000	2837.333333	1775.666667	0.000000	0.000000	0	1445	0
220	2	2	2	0.000000	2737.500000	2598.500000	0.000000	0.000000	0	1311	0
221	1	2	1	0.000000	2694.000000	2566.000000	0.000000	0.000000	0	1273	0
222	13	1	1	0.000000	2002.923077	1584.538462	0.000000	0.000000	0	1290	0
223	5	1	2	0.000000	1550.800000	588.000000	0.000000	0.000000	0	714	0
224	1	1	2	0.000000	1651.000000	1554.000000	0.000000	0.000000	0	757	0
225	1	1	2	0.000000	1661.000000	1562.000000	0.000000	0.000000	0	760	0
226	1	1	2	0.000000	1739.000000	1648.000000	0.000000	0.000000	0	806	0
227	9	2	2	0.000000	2165.222222	2039.000000	0.000000	0.000000	0	1336	0
228	1	2	1	0.000000	2682.000000	2542.000000	0.000000	0.000000	0	1244	0
229	2	1	2	0.000000	2840.500000	2683.500000	0.000000	0.000000	0	1379	0
230	19	2	1	0.000000	1453.052632	1145.210526	0.000000	0.000000	0	958	0
231	65	2	1	0.000000	878.276923	556.400000	0.000000	0.000000	0	1025	0
232	2	3	1	0.000000	1191.500000	1182.500000	0.000000	0.000000	0	608	0
233	1	2	1	0.000000	1189.000000	1185.000000	0.000000	0.000000	0	599	0
234	1	2	1	0.000000	1235.000000	1231.000000	0.000000	0.000000	0	623	0
235	1	2	1	0.000000	1254.000000	1250.000000	0.000000	0.000000	0	632	0
236	1	2	1	0.000000	1248.000000	1247.000000	0.000000	0.000000	0	630	0
237	2	2	1	0.000000	1251.000000	1250.500000	0.000000	0.000000	0	638	0
238	1	2	2	0.000000	1247.000000	1247.000000	0.000000	0.000000	0	636	0
239	1	1	1	0.000000	1192.000000	1192.000000	0.000000	0.000000	0	608	0
240	2	1	2	0.000000	1191.000000	1191.000000	0.000000	0.000000	0	611	0
241	3	1	3	0.000000	1193.000000	1193.000000	0.000000	0.000000	0	625	0
242	2	2	2	0.000000	1175.000000	1175.000000	0.000000	0.000000	0	607	0
243	10	1	2	0.000000	949.500000	838.700000	0.000000	0.000000	0	717	0
244	4	1	2	0.000000	916.000000	889.750000	0.000000	0.000000	0	496	0
245	5	2	1	0.000000	613.600000	609.200000	0.000000	0.000000	0	336	0
246	1	2	1	0.000000	657.000000	653.000000	0.000000	0.000000	0	330	0
247	11	1	1	0.000000	736.909091	735.090909	0.000000	0.000000	0	421	0
248	1	2	3	0.000000	733.000000	733.000000	0.000000	0.000000	0	364	0
249	2	2	1	0.000000	686.000000	663.500000	0.000000	0.000000	0	346	0
250	6	2	1	0.000000	668.333333	643.333333	0.000000	0.000000	0	362	0
251	4	2	1	0.000000	600.500000	567.500000	0.000000	0.000000	0	313	0
252	1	2	1	0.000000	586.000000	554.000000	0.000000	0.000000	0	296	0
253	6	2	1	0.000000	562.166667	527.500000	0.000000	0.000000	0	296	0
254	24	2	1	0.000000	328.166667	314.791667	0.000000	0.000000	0	274	0
255	15	1	1	0.000000	923.800000	729.066667	0.000000	0.000000	0	652	0
256	4	2	1	0.000000	1432.000000	541.500000	0.000000	0.000000	0	801	0
257	7	2	1	0.000000	1770.857143	886.857143	0.000000	0.000000	0	1043	0
258	201	2	1	0.000000	111.089552	108.000000	0.000000	0.000000	0	418	0
259	6	2	1	0.000000	538.833333	528.166667	0.000000	0.000000	0	286	0
260	2	2	1	0.000000	459.500000	452.000000	0.000000	0.000000	0	241	0
261	16	1	2	0.000000	352.250000	335.250000	0.000000	0.000000	0	240	0
262	4	2	1	0.000000	1641.750000	780.000000	0.000000	0.000000	0	809	0
263	1	1	1	0.000000	1638.000000	1553.000000	0.000000	0.000000	0	792	0
264	7	1	2	0.000000	1632.571429	1330.428571	0.000000	0.000000	0	882	0
265	1	1	4	0.000000	1613.000000	1519.000000	0.000000	0.000000	0	770	0
266	12	2	2	0.000000	1585.666667	1255.916667	0.000000	0.000000	0	979	0
267	3	1	1	0.000000	1725.000000	1620.333333	0.000000	0.000000	0	840	0
268	3	1	2	0.000000	1790.000000	1673.000000	0.000000	0.000000	0	857	0
269	10	2	2	0.000000	1843.800000	1734.800000	0.000000	0.000000	0	1039	0
270	25	1	1	0.000000	1599.840000	1179.640000	0.000000	0.000000	0	1242	0
271	13	2	2	0.000000	998.538462	146.923077	0.000000	0.000000	0	594	0
272	10	1	1	0.000000	1120.100000	736.100000	0.000000	0.000000	0	638	0
273	11	2	2	0.000000	1206.727273	269.272727	0.000000	0.000000	0	721	0
274	3	2	1	0.000000	1289.333333	813.000000	0.000000	0.000000	0	672	0
275	92	2	1	0.000000	253.500000	247.010870	0.000000	0.000000	0	319	0
276	28	1	2	0.000000	1434.214286	1368.821429	0.000000	0.000000	0	1000	0
277	45	1	2	0.000000	287.888889	212.688889	0.000000	0.000000	0	689	0
278	4	1	1	0.000000	621.500000	601.250000	0.000000	0.000000	0	373	0
279	9	1	2	0.000000	721.111111	691.888889	0.000000	0.000000	0	435	0
280	7	2	2	0.000000	565.000000	539.000000	0.000000	0.000000	0	284	0
281	14	1	1	0.000000	551.642857	501.428571	0.000000	0.000000	0	326	0
282	5	2	1	0.000000	392.800000	381.400000	0.000000	0.000000	0	207	0
283	4	1	1	0.000000	1025.750000	980.750000	0.000000	0.000000	0	558	0
284	8	2	2	0.000000	1239.625000	1029.500000	0.000000	0.000000	0	658	0
285	3	1	1	0.000000	1395.333333	1334.000000	0.000000	0.000000	0	681	0
286	22	2	1	0.000000	336.863636	214.954545	0.000000	0.000000	0	350	0
287	13	2	1	0.000000	293.384615	277.000000	0.000000	0.000000	0	168	0
288	3	2	2	0.000000	303.000000	291.000000	0.000000	0.000000	0	159	0
289	1	2	1	0.000000	310.000000	300.000000	0.000000	0.000000	0	152	0
290	32	1	2	0.000000	926.625000	670.593750	0.000000	0.000000	0	734	0
291	2	1	2	0.000000	1190.000000	1124.000000	0.000000	0.000000	0	607	0
292	25	2	2	0.000000	1482.680000	1219.240000	0.000000	0.000000	0	1222	0
293	5	1	1	0.000000	1520.400000	1438.200000	0.000000	0.000000	0	787	0
294	18	1	1	0.000000	969.444444	482.555556	0.000000	0.000000	0	687	0
295	47	2	1	0.000000	463.404255	442.085106	0.000000	0.000000	0	521	0
296	11	1	1	0.000000	855.636364	806.363636	0.000000	0.000000	0	514	0
297	9	1	1	0.000000	1094.555556	1039.333333	0.000000	0.000000	0	635	0
298	143	0	0	0.000000	10.545455	10.545455	0.000000	0.000000	0	17	0
299	19	1	2	0.000000	99.263158	95.157895	0.000000	0.000000	0	71	0
300	5	1	2	0.000000	119.000000	113.400000	0.000000	0.000000	0	60	0
301	10	1	2	0.000000	122.100000	115.700000	0.000000	0.000000	0	76	0
302	9	1	2	0.000000	144.555556	139.111111	0.000000	0.000000	0	77	0
303	5	1	2	0.000000	144.000000	139.000000	0.000000	0.000000	0	76	0
304	27	1	2	0.000000	117.111111	115.555556	0.000000	0.000000	0	78	0
305	22	1	2	0.000000	159.772727	150.181818	0.000000	0.000000	0	119	0
306	12	1	2	0.000000	206.833333	83.166667	0.000000	0.000000	0	125	0
307	15	1	1	0.000000	1995.733333	1630.866667	0.000000	0.000000	0	1201	0
308	5	2	2	0.000000	1702.000000	1297.800000	0.000000	0.000000	0	871	0
309	4	1	1	0.000000	1681.250000	1202.500000	0.000000	0.000000	0	885	0
310	2	1	1	0.000000	1339.000000	1264.000000	0.000000	0.000000	0	646	0
311	11	2	2	0.000000	1513.090909	1059.909091	0.000000	0.000000	0	889	0
312	3	2	1	0.000000	1696.000000	1075.666667	0.000000	0.000000	0	860	0
313	1	2	1	0.000000	1663.000000	1580.000000	0.000000	0.000000	0	797	0
314	1	2	3	0.000000	1663.000000	1578.000000	0.000000	0.000000	0	793	0
315	10	2	2	0.000000	2356.900000	1330.500000	0.000000	0.000000	0	1206	0
316	4	1	1	0.000000	2430.000000	1727.250000	0.000000	0.000000	0	1208	0
317	72	2	0	0.000000	29.666667	18.333333	0.000000	0.000000	0	200	0
318	9	1	2	0.000000	94.777778	89.000000	0.000000	0.000000	0	55	0
319	20	1	2	0.000000	146.300000	138.500000	0.000000	0.000000	0	120	0
320	12	1	2	0.000000	237.583333	230.000000	0.000000	0.000000	0	152	0
321	1	1	2	0.000000	560.000000	546.000000	0.000000	0.000000	0	292	0
322	9	1	2	0.000000	674.111111	657.777778	0.000000	0.000000	0	378	0
323	2	1	2	0.000000	533.000000	531.000000	0.000000	0.000000	0	264	0
324	1	1	2	0.000000	548.000000	545.000000	0.000000	0.000000	0	270	0
325	2	1	3	0.000000	561.000000	557.000000	0.000000	0.000000	0	291	0
326	3	1	2	0.000000	587.000000	578.000000	0.000000	0.000000	0	304	0
327	1	1	2	0.000000	603.000000	592.000000	0.000000	0.000000	0	301	0
328	1	1	2	0.000000	733.000000	722.000000	0.000000	0.000000	0	365	0
329	3	1	2	0.000000	2156.666667	2019.000000	0.000000	0.000000	0	1121	0
330	13	1	2	0.000000	1958.923077	1541.076923	0.000000	0.000000	0	1194	0
331	2	2	2	0.000000	2183.500000	1995.000000	0.000000	0.000000	0	1113	0
332	2	2	2	0.000000	186.000000	182.000000	0.000000	0.000000	0	92	0
333	1	1	2	0.000000	204.000000	200.000000	0.000000	0.000000	0	99	0
334	1	1	2	0.000000	206.000000	202.000000	0.000000	0.000000	0	100	0
335	1	2	3	0.000000	220.000000	216.000000	0.000000	0.000000	0	105	0
336	1	1	1	0.000000	216.000000	212.000000	0.000000	0.000000	0	103	0
337	3	1	2	0.000000	225.333333	221.333333	0.000000	0.000000	0	109	0
338	3	1	2	0.000000	219.333333	146.333333	0.000000	0.000000	0	109	0
339	2	1	2	0.000000	207.000000	205.500000	0.000000	0.000000	0	102	0
340	9	1	2	0.000000	188.333333	187.666667	0.000000	0.000000	0	101	0
341	2	1	2	0.000000	2455.000000	1156.500000	0.000000	0.000000	0	1132	0
342	2	2	2	0.000000	2486.500000	2342.000000	0.000000	0.000000	0	1188	0
343	1	2	1	0.000000	2440.000000	2290.000000	0.000000	0.000000	0	1141	0
344	39	2	1	0.000000	256.692308	252.641026	0.000000	0.000000	0	458	0
345	5	2	1	0.000000	1740.600000	1659.800000	0.000000	0.000000	0	1022	0
346	4	3	1	0.000000	1695.750000	1602.750000	0.000000	0.000000	0	846	0
347	1	1	2	0.000000	1635.000000	1567.000000	0.000000	0.000000	0	808	0
348	1	2	2	0.000000	1634.000000	1563.000000	0.000000	0.000000	0	807	0
349	8	1	1	0.000000	1465.500000	1395.500000	0.000000	0.000000	0	848	0
350	24	1	1	0.000000	4.833333	4.833333	0.000000	0.000000	0	4	0
351	70	0	2	0.000000	78.342857	49.271429	0.000000	0.000000	0	984	0
352	13	2	2	0.000000	723.000000	698.846154	0.000000	0.000000	0	415	0
353	9	1	1	0.000000	605.555556	582.111111	0.000000	0.000000	0	373	0
354	32	1	1	0.000000	27.343750	27.343750	0.000000	0.000000	0	134	0
355	6	1	2	0.000000	1317.000000	1309.333333	0.000000	0.000000	0	801	0
356	3	1	2	0.000000	1685.333333	1588.333333	0.000000	0.000000	0	846	0
357	172	0	0	0.000000	5.331395	5.331395	0.000000	0.000000	0	9	0
358	1	2	2	0.000000	2403.000000	2403.000000	0.000000	0.000000	0	1185	0
359	1	2	2	0.000000	2393.000000	2393.000000	0.000000	0.000000	0	1176	0
360	1	1	1	0.000000	2387.000000	2387.000000	0.000000	0.000000	0	1171	0
361	1	1	4	0.000000	2397.000000	2397.000000	0.000000	0.000000	0	1178	0
362	1	2	2	0.000000	2354.000000	2354.000000	0.000000	0.000000	0	1156	0
363	16	2	2	0.000000	114.062500	104.437500	0.000000	0.000000	0	73	0
364	2	3	2	0.000000	976.000000	858.000000	0.000000	0.000000	0	535	0
365	1	2	1	0.000000	1739.000000	1648.000000	0.000000	0.000000	0	850	0
366	2	3	1	0.000000	1650.000000	1559.000000	0.000000	0.000000	0	813	0
367	2	2	1	0.000000	1591.000000	1500.500000	0.000000	0.000000	0	782	0
368	2	2	1	0.000000	1635.500000	779.500000	0.000000	0.000000	0	806	0
369	3	2	2	0.000000	1778.000000	644.000000	0.000000	0.000000	0	996	0
370	1	2	1	0.000000	2007.000000	1917.000000	0.000000	0.000000	0	991	0
371	2	2	1	0.000000	2006.500000	980.000000	0.000000	0.000000	0	1006	0
372	1	5	1	0.000000	2000.000000	1949.000000	0.000000	0.000000	0	988	0
373	1	2	1	0.000000	2003.000000	1961.000000	0.000000	0.000000	0	994	0
374	2	2	1	0.000000	1963.500000	1927.000000	0.000000	0.000000	0	982	0
375	1	3	1	0.000000	1960.000000	1929.000000	0.000000	0.000000	0	975	0
376	1	3	1	0.000000	1947.000000	1918.000000	0.000000	0.000000	0	971	0
377	1	2	1	0.000000	1955.000000	1928.000000	0.000000	0.000000	0	978	0
378	1	2	1	0.000000	2067.000000	2046.000000	0.000000	0.000000	0	1038	0
379	3	1	1	0.000000	2258.666667	2251.333333	0.000000	0.000000	0	1211	0
380	1	3	2	0.000000	2350.000000	2342.000000	0.000000	0.000000	0	1202	0
381	1	2	1	0.000000	2259.000000	2258.000000	0.000000	0.000000	0	1148	0
382	2	1	2	0.000000	1572.500000	1486.500000	0.000000	0.000000	0	761	0
383	9	2	2	0.000000	1388.555556	1168.777778	0.000000	0.000000	0	804	0
384	2	2	1	0.000000	1348.000000	637.000000	0.000000	0.000000	0	634	0
385	4	3	1	0.000000	1388.500000	987.750000	0.000000	0.000000	0	695	0
386	1	1	2	0.000000	280.000000	273.000000	0.000000	0.000000	0	136	0
387	2	1	2	0.000000	293.000000	284.500000	0.000000	0.000000	0	141	0
388	5	1	2	0.000000	295.200000	286.400000	0.000000	0.000000	0	146	0
389	14	1	2	0.000000	272.000000	263.500000	0.000000	0.000000	0	157	0
390	8	2	2	0.000000	747.250000	707.000000	0.000000	0.000000	0	493	0
391	2	2	1	0.000000	741.500000	704.500000	0.000000	0.000000	0	359	0
392	97	2	2	0.000000	624.360825	537.917526	0.000000	0.000000	0	1008	0
393	10	2	1	0.000000	1205.200000	1029.600000	0.000000	0.000000	0	645	0
394	2	2	1	0.000000	1225.500000	1157.000000	0.000000	0.000000	0	585	0
395	2	2	1	0.000000	1127.500000	1066.000000	0.000000	0.000000	0	536	0
396	2	3	1	0.000000	1318.500000	1254.500000	0.000000	0.000000	0	669	0
397	4	2	1	0.000000	1360.500000	1302.250000	0.000000	0.000000	0	713	0
398	3	2	1	0.000000	1369.333333	1316.666667	0.000000	0.000000	0	676	0
399	4	2	1	0.000000	1438.250000	1384.250000	0.000000	0.000000	0	728	0
400	7	2	1	0.000000	303.571429	291.714286	0.000000	0.000000	0	184	0
401	4	2	1	0.000000	347.750000	336.250000	0.000000	0.000000	0	180	0
402	1	2	1	0.000000	348.000000	339.000000	0.000000	0.000000	0	173	0
403	16	2	1	0.000000	109.375000	109.375000	0.000000	0.000000	0	68	0
404	7	1	1	0.000000	128.857143	128.857143	0.000000	0.000000	0	69	0
405	1	1	1	0.000000	992.000000	873.000000	0.000000	0.000000	0	446	0
406	3	1	2	0.000000	1018.333333	895.666667	0.000000	0.000000	0	456	0
407	2	2	2	0.000000	1082.000000	479.500000	0.000000	0.000000	0	491	0
408	2	1	1	0.000000	1131.500000	1018.000000	0.000000	0.000000	0	513	0
409	2	1	2	0.000000	1124.000000	1008.000000	0.000000	0.000000	0	504	0
410	2	1	3	0.000000	1133.500000	1005.500000	0.000000	0.000000	0	522	0
411	1	1	4	0.000000	1106.000000	990.000000	0.000000	0.000000	0	501	0
412	2	1	2	0.000000	1077.000000	955.500000	0.000000	0.000000	0	503	0
413	3	1	2	0.000000	1078.666667	950.666667	0.000000	0.000000	0	487	0
414	4	1	2	0.000000	1134.000000	1012.500000	0.000000	0.000000	0	607	0
415	1	1	2	0.000000	1264.000000	1155.000000	0.000000	0.000000	0	593	0
416	5	1	2	0.000000	1169.600000	1064.400000	0.000000	0.000000	0	612	0
417	8	1	2	0.000000	741.750000	690.500000	0.000000	0.000000	0	428	0
418	82	2	2	0.000000	527.756098	468.804878	0.000000	0.000000	0	717	0
419	34	2	2	0.000000	537.705882	465.882353	0.000000	0.000000	0	478	0
420	2	2	1	0.000000	786.500000	737.500000	0.000000	0.000000	0	363	0
421	9	2	1	0.000000	827.000000	780.333333	0.000000	0.000000	0	420	0
422	2	2	1	0.000000	925.500000	440.000000	0.000000	0.000000	0	430	0
423	1	2	1	0.000000	931.000000	882.000000	0.000000	0.000000	0	429	0
424	1	2	1	0.000000	935.000000	886.000000	0.000000	0.000000	0	420	0
425	1	2	1	0.000000	943.000000	894.000000	0.000000	0.000000	0	423	0
426	1	4	1	0.000000	941.000000	894.000000	0.000000	0.000000	0	426	0
427	2	3	1	0.000000	921.000000	883.000000	0.000000	0.000000	0	423	0
428	24	1	1	0.000000	3.041667	3.041667	0.000000	0.000000	0	2	0
429	9	1	2	0.000000	784.111111	571.333333	0.000000	0.000000	0	457	0
430	67	1	1	0.000000	4.283582	4.283582	0.000000	0.000000	0	7	0
431	31	1	1	0.000000	9.677419	9.677419	0.000000	0.000000	0	7	0
432	1	2	2	0.000000	1472.000000	1401.000000	0.000000	0.000000	0	700	0
433	76	0	0	0.000000	3.605263	3.605263	0.000000	0.000000	0	2	0
434	3	2	2	0.000000	995.666667	935.000000	0.000000	0.000000	0	591	0
435	7	2	1	0.000000	584.285714	372.571429	0.000000	0.000000	0	346	0
436	13	2	1	0.000000	706.538462	535.846154	0.000000	0.000000	0	404	0
437	1	1	1	0.000000	729.000000	645.000000	0.000000	0.000000	0	365	0
438	6	2	2	0.000000	764.000000	565.666667	0.000000	0.000000	0	525	0
439	3	1	2	0.000000	580.000000	555.666667	0.000000	0.000000	0	319	0
440	6	1	2	0.000000	591.166667	473.333333	0.000000	0.000000	0	314	0
441	55	1	2	0.000000	155.272727	143.254545	0.000000	0.000000	0	315	0
442	121	0	0	0.000000	4.000000	3.743802	0.000000	0.000000	0	2	0
443	1	2	1	0.000000	242.000000	239.000000	0.000000	0.000000	0	126	0
444	1	2	1	0.000000	228.000000	225.000000	0.000000	0.000000	0	119	0
445	1	1	1	0.000000	206.000000	203.000000	0.000000	0.000000	0	108	0
446	23	1	1	0.000000	4.652174	4.652174	0.000000	0.000000	0	5	0
447	4	1	1	0.000000	945.500000	915.250000	0.000000	0.000000	0	523	0
448	26	1	1	0.000000	5.615385	5.615385	0.000000	0.000000	0	3	0
449	13	1	2	0.000000	138.000000	138.000000	0.000000	0.000000	0	87	0
450	327	2	0	0.000000	78.116208	72.321101	0.000000	0.000000	0	334	0
451	35	1	1	0.000000	41.714286	39.171429	0.000000	0.000000	0	89	0
452	86	1	2	0.000000	153.616279	149.220930	0.000000	0.000000	0	276	0
453	19	2	2	0.000000	434.473684	422.631579	0.000000	0.000000	0	257	0
454	33	2	1	0.000000	249.242424	168.848485	0.000000	0.000000	0	231	0
455	8	1	2	0.000000	561.000000	555.750000	0.000000	0.000000	0	311	0
456	33	1	2	0.000000	111.696970	107.818182	0.000000	0.000000	0	97	0
457	8	2	2	0.000000	211.125000	208.625000	0.000000	0.000000	0	118	0
458	4	2	1	0.000000	226.250000	221.250000	0.000000	0.000000	0	113	0
459	270	0	0	0.000000	19.748148	19.400000	0.000000	0.000000	0	56	0
460	25	2	1	0.000000	306.040000	294.680000	0.000000	0.000000	0	225	0
461	4	2	1	0.000000	242.500000	239.000000	0.000000	0.000000	0	135	0
462	4	2	1	0.000000	373.500000	350.500000	0.000000	0.000000	0	204	0
463	2	2	1	0.000000	405.500000	385.000000	0.000000	0.000000	0	204	0
464	3	2	1	0.000000	390.000000	366.666667	0.000000	0.000000	0	198	0
465	5	2	1	0.000000	376.000000	354.000000	0.000000	0.000000	0	195	0
466	5	2	1	0.000000	328.200000	307.800000	0.000000	0.000000	0	183	0
467	2	2	1	0.000000	311.000000	291.000000	0.000000	0.000000	0	159	0
468	95	0	0	0.000000	6.652632	6.652632	0.000000	0.000000	0	6	0
469	1	1	2	0.000000	1354.000000	1278.000000	0.000000	0.000000	0	680	0
470	1	1	3	0.000000	1328.000000	1250.000000	0.000000	0.000000	0	667	0
471	3	2	2	0.000000	1306.666667	1234.333333	0.000000	0.000000	0	672	0
472	7	2	1	0.000000	1057.000000	316.714286	0.000000	0.000000	0	701	0
473	2	2	1	0.000000	828.500000	764.500000	0.000000	0.000000	0	421	0
474	3	2	1	0.000000	776.666667	716.000000	0.000000	0.000000	0	392	0
475	1	2	1	0.000000	745.000000	681.000000	0.000000	0.000000	0	366	0
476	9	2	1	0.000000	614.777778	499.555556	0.000000	0.000000	0	382	0
477	15	1	1	0.000000	492.133333	467.533333	0.000000	0.000000	0	279	0
478	15	1	1	0.000000	146.133333	138.266667	0.000000	0.000000	0	90	0
479	33	1	2	0.000000	24.969697	24.363636	0.000000	0.000000	0	67	0
480	1	1	2	0.000000	559.000000	522.000000	0.000000	0.000000	0	267	0
481	2	1	2	0.000000	585.500000	549.500000	0.000000	0.000000	0	310	0
482	32	2	1	0.000000	168.343750	167.312500	0.000000	0.000000	0	238	0
483	3	2	1	0.000000	7.000000	7.000000	0.000000	0.000000	0	3	0
484	28	1	1	0.000000	4.000000	4.000000	0.000000	0.000000	0	2	0
485	104	1	2	0.000000	29.567308	28.673077	0.000000	0.000000	0	51	0
486	2	1	2	0.000000	49.000000	49.000000	0.000000	0.000000	0	24	0
487	7	1	2	0.000000	68.571429	67.571429	0.000000	0.000000	0	40	0
488	4	2	1	0.000000	412.750000	408.250000	0.000000	0.000000	0	253	0
489	44	1	2	0.000000	41.977273	40.636364	0.000000	0.000000	0	44	0
490	85	0	2	0.000000	20.376471	20.152941	0.000000	0.000000	0	121	0
491	31	1	1	0.000000	271.838710	269.677419	0.000000	0.000000	0	188	0
492	39	1	2	0.000000	165.358974	161.358974	0.000000	0.000000	0	142	0
493	21	1	2	0.000000	166.047619	158.714286	0.000000	0.000000	0	107	0
494	13	2	2	0.000000	167.923077	162.846154	0.000000	0.000000	0	114	0
495	6	1	1	0.000000	161.500000	159.500000	0.000000	0.000000	0	89	0
496	17	1	2	0.000000	244.764706	240.705882	0.000000	0.000000	0	181	0
497	15	1	2	0.000000	61.000000	60.400000	0.000000	0.000000	0	45	0
498	30	1	2	0.000000	102.400000	96.333333	0.000000	0.000000	0	73	0
499	1	2	2	0.000000	996.000000	6.000000	0.000000	0.000000	0	437	0
500	2	2	2	0.000000	262.500000	242.500000	0.000000	0.000000	0	135	0
501	4	2	1	0.000000	261.500000	249.750000	0.000000	0.000000	0	136	0
502	1	2	1	0.000000	261.000000	252.000000	0.000000	0.000000	0	135	0
503	9	2	1	0.000000	225.888889	218.111111	0.000000	0.000000	0	151	0
504	15	2	1	0.000000	232.000000	223.933333	0.000000	0.000000	0	145	0
505	208	0	0	0.000000	2.298077	2.298077	0.000000	0.000000	0	2	0
506	5	1	1	0.000000	9.200000	7.000000	0.000000	0.000000	0	5	0
507	78	1	1	0.000000	166.807692	160.833333	0.000000	0.000000	0	162	0
508	214	0	2	0.000000	46.401869	45.985981	0.000000	0.000000	0	179	0
509	35	1	2	0.000000	289.685714	287.914286	0.000000	0.000000	0	202	0
510	26	2	1	0.000000	153.923077	150.653846	0.000000	0.000000	0	116	0
511	9	2	1	0.000000	125.444444	119.444444	0.000000	0.000000	0	76	0
512	15	2	1	0.000000	107.200000	101.133333	0.000000	0.000000	0	59	0
513	16	2	1	0.000000	93.500000	90.812500	0.000000	0.000000	0	60	0
514	31	1	1	0.000000	2.193548	2.193548	0.000000	0.000000	0	2	0
515	6	1	2	0.000000	37.000000	36.000000	0.000000	0.000000	0	22	0
516	17	1	2	0.000000	56.941176	55.058824	0.000000	0.000000	0	34	0
517	1	1	2	0.000000	70.000000	67.000000	0.000000	0.000000	0	36	0
518	9	1	2	0.000000	104.000000	24.777778	0.000000	0.000000	0	66	0
519	9	1	1	0.000000	88.222222	79.111111	0.000000	0.000000	0	52	0
520	17	2	1	0.000000	178.058824	169.117647	0.000000	0.000000	0	175	0
521	24	1	1	0.000000	6.416667	6.416667	0.000000	0.000000	0	4	0
522	11	1	2	0.000000	233.363636	227.636364	0.000000	0.000000	0	150	0
523	7	1	2	0.000000	247.714286	247.142857	0.000000	0.000000	0	135	0
524	31	1	1	0.000000	2.451613	2.451613	0.000000	0.000000	0	2	0
525	26	1	1	0.000000	5.076923	5.076923	0.000000	0.000000	0	5	0
526	27	1	1	0.000000	4.740741	4.740741	0.000000	0.000000	0	11	0
527	1	2	1	0.000000	222.000000	215.000000	0.000000	0.000000	0	105	0
528	38	1	1	0.000000	28.578947	28.289474	0.000000	0.000000	0	95	0
529	12	1	1	0.000000	3.416667	3.416667	0.000000	0.000000	0	6	0
530	14	2	2	0.000000	229.642857	229.642857	0.000000	0.000000	0	135	0
531	25	1	1	0.000000	4.000000	4.000000	0.000000	0.000000	0	2	0
532	11	1	2	0.000000	223.454545	223.454545	0.000000	0.000000	0	140	0
533	157	0	0	0.000000	3.044586	3.044586	0.000000	0.000000	0	2	0
534	26	1	1	0.000000	4.000000	4.000000	0.000000	0.000000	0	2	0
535	9	1	2	0.000000	220.444444	218.333333	0.000000	0.000000	0	126	0
536	21	1	1	0.000000	6.190476	6.190476	0.000000	0.000000	0	5	0
537	131	0	0	0.000000	3.282443	3.045802	0.000000	0.000000	0	2	0
538	23	1	1	0.000000	7.130435	7.130435	0.000000	0.000000	0	4	0
539	25	1	1	0.000000	6.560000	6.560000	0.000000	0.000000	0	6	0
540	13	1	1	0.000000	4.000000	4.000000	0.000000	0.000000	0	3	0
541	18	1	2	0.000000	2.444444	2.444444	0.000000	0.000000	0	4	0
542	5	1	2	0.000000	211.200000	211.200000	0.000000	0.000000	0	115	0
543	88	2	2	0.000000	75.534091	73.443182	0.000000	0.000000	0	100	0
544	22	1	1	0.000000	56.454545	55.454545	0.000000	0.000000	0	37	0
545	17	2	1	0.000000	222.352941	222.352941	0.000000	0.000000	0	139	0
546	1	3	1	0.000000	201.000000	201.000000	0.000000	0.000000	0	105	0
547	5	2	1	0.000000	193.000000	193.000000	0.000000	0.000000	0	115	0
548	119	2	1	0.000000	50.731092	50.142857	0.000000	0.000000	0	117	0
549	31	1	1	0.000000	2.258065	2.258065	0.000000	0.000000	0	5	0
550	31	1	1	0.000000	2.193548	2.193548	0.000000	0.000000	0	2	0
551	25	1	1	0.000000	11.360000	11.360000	0.000000	0.000000	0	6	0
552	13	2	1	0.000000	10.769231	10.769231	0.000000	0.000000	0	6	0
553	31	1	1	0.000000	4.419355	4.419355	0.000000	0.000000	0	3	0
554	2	2	1	0.000000	7.000000	6.500000	0.000000	0.000000	0	1	0
555	26	1	1	0.000000	2.038462	2.038462	0.000000	0.000000	0	2	0
556	12	2	1	0.000000	77.250000	77.250000	0.000000	0.000000	0	47	0
557	3	2	1	0.000000	62.333333	62.333333	0.000000	0.000000	0	34	0
558	28	1	1	0.000000	9.428571	9.428571	0.000000	0.000000	0	8	0
559	1	2	1	0.000000	84.000000	80.000000	0.000000	0.000000	0	42	0
560	8	2	1	0.000000	77.125000	73.125000	0.000000	0.000000	0	43	0
561	44	2	1	0.000000	61.727273	60.113636	0.000000	0.000000	0	54	0
562	31	1	1	0.000000	2.741935	2.741935	0.000000	0.000000	0	5	0
563	4	1	2	0.000000	16.000000	16.000000	0.000000	0.000000	0	10	0
564	25	1	1	0.000000	6.640000	6.640000	0.000000	0.000000	0	10	0
565	128	0	0	0.000000	3.781250	3.781250	0.000000	0.000000	0	2	0
566	21	1	1	0.000000	4.000000	4.000000	0.000000	0.000000	0	2	0
567	25	1	1	0.000000	4.640000	4.640000	0.000000	0.000000	0	4	0
568	24	1	1	0.000000	42.666667	40.875000	0.000000	0.000000	0	38	0
569	28	2	1	0.000000	15.785714	15.785714	0.000000	0.000000	0	12	0
570	3	1	1	0.000000	4.000000	4.000000	0.000000	0.000000	0	2	0
571	28	1	2	0.000000	6.428571	6.428571	0.000000	0.000000	0	4	0
572	23	1	1	0.000000	5.565217	5.130435	0.000000	0.000000	0	6	0
573	27	1	1	0.000000	4.407407	4.407407	0.000000	0.000000	0	2	0
574	6	1	1	0.000000	53.500000	53.500000	0.000000	0.000000	0	28	0
575	1	1	2	0.000000	53.000000	53.000000	0.000000	0.000000	0	26	0
576	2	2	1	0.000000	14.000000	13.000000	0.000000	0.000000	0	7	0
577	21	1	1	0.000000	11.142857	9.809524	0.000000	0.000000	0	7	0
578	10	1	2	0.000000	74.800000	74.800000	0.000000	0.000000	0	47	0
579	31	1	1	0.000000	4.645161	4.645161	0.000000	0.000000	0	8	0
580	24	1	1	0.000000	4.000000	4.000000	0.000000	0.000000	0	2	0
581	19	1	1	0.000000	12.263158	12.263158	0.000000	0.000000	0	9	0
582	31	1	1	0.000000	4.870968	4.870968	0.000000	0.000000	0	7	0
583	12	1	2	0.000000	80.083333	77.750000	0.000000	0.000000	0	47	0
584	25	1	1	0.000000	8.000000	8.000000	0.000000	0.000000	0	4	0
585	86	0	0	0.000000	3.058140	3.058140	0.000000	0.000000	0	3	0
586	6	1	2	0.000000	27.833333	27.333333	0.000000	0.000000	0	16	0
587	85	0	1	0.000000	12.200000	12.200000	0.000000	0.000000	0	19	0
588	1	2	1	0.000000	34.000000	34.000000	0.000000	0.000000	0	15	0
589	21	1	1	0.000000	18.619048	18.619048	0.000000	0.000000	0	13	0
590	14	1	1	0.000000	28.214286	5.000000	0.000000	0.000000	0	9	0
591	1	1	3	0.000000	1631.000000	9.000000	0.000000	0.000000	0	815	0
592	28	1	1	0.000000	6.000000	6.000000	0.000000	0.000000	0	3	0
593	22	1	1	0.000000	4.090909	4.090909	0.000000	0.000000	0	3	0
594	25	1	1	0.000000	3.560000	3.560000	0.000000	0.000000	0	2	0
595	1	1	2	0.000000	5430.000000	6.000000	0.000000	0.000000	0	2753	0
596	25	1	1	0.000000	30.840000	29.120000	0.000000	0.000000	0	18	0
597	186	0	0	0.000000	24.387097	24.053763	0.000000	0.000000	0	63	0
598	26	1	1	0.000000	3.000000	3.000000	0.000000	0.000000	0	2	0
599	31	1	1	0.000000	2.387097	2.387097	0.000000	0.000000	0	2	0
600	31	1	1	0.000000	2.838710	2.838710	0.000000	0.000000	0	5	0
601	16	1	2	0.000000	7.187500	7.187500	0.000000	0.000000	0	8	0
602	25	1	1	0.000000	4.560000	4.560000	0.000000	0.000000	0	3	0
603	31	1	1	0.000000	3.032258	3.032258	0.000000	0.000000	0	1	0
604	193	0	0	0.000000	2.487047	2.487047	0.000000	0.000000	0	2	0
605	9	1	2	0.000000	12.777778	12.777778	0.000000	0.000000	0	8	0
606	18	1	1	0.000000	5.777778	5.777778	0.000000	0.000000	0	3	0
607	139	0	0	0.000000	7.539568	7.539568	0.000000	0.000000	0	8	0
608	31	1	1	0.000000	6.322581	6.322581	0.000000	0.000000	0	3	0
609	31	1	1	0.000000	3.935484	3.935484	0.000000	0.000000	0	3	0
610	4	1	3	0.000000	1438.250000	279.000000	0.000000	0.000000	0	761	0
611	64	0	0	0.000000	6.375000	6.375000	0.000000	0.000000	0	4	0
612	1	1	1	0.000000	62.000000	5.000000	0.000000	0.000000	0	8	0
613	26	1	1	0.000000	5.230769	5.230769	0.000000	0.000000	0	7	0
614	31	1	1	0.000000	3.290323	2.483871	0.000000	0.000000	0	3	0
615	138	0	0	0.000000	15.601449	15.601449	0.000000	0.000000	0	23	0
616	31	1	1	0.000000	4.258065	4.258065	0.000000	0.000000	0	6	0
617	23	1	1	0.000000	9.695652	9.695652	0.000000	0.000000	0	12	0
618	23	1	1	0.000000	3.608696	3.608696	0.000000	0.000000	0	3	0
619	31	1	1	0.000000	4.000000	4.000000	0.000000	0.000000	0	2	0
620	2	1	1	0.000000	4.000000	4.000000	0.000000	0.000000	0	2	0
621	18	1	1	0.000000	49.888889	3.666667	0.000000	0.000000	0	43	0
622	29	1	1	0.000000	6.689655	6.068966	0.000000	0.000000	0	4	0
623	22	1	1	0.000000	2.000000	2.000000	0.000000	0.000000	0	1	0
624	8	1	2	0.000000	6.000000	6.000000	0.000000	0.000000	0	3	0
625	31	1	1	0.000000	2.387097	2.387097	0.000000	0.000000	0	5	0
626	27	1	1	0.000000	7.888889	7.888889	0.000000	0.000000	0	4	0
627	31	1	1	0.000000	5.709677	5.354839	0.000000	0.000000	0	5	0
628	31	1	1	0.000000	3.935484	3.935484	0.000000	0.000000	0	8	0
629	12	1	1	0.000000	10.166667	10.166667	0.000000	0.000000	0	11	0
630	1	1	2	0.000000	15.000000	15.000000	0.000000	0.000000	0	11	0
631	1	4	1	0.000000	2032.000000	14.000000	0.000000	0.000000	0	1004	0
632	31	1	1	0.000000	3.193548	3.193548	0.000000	0.000000	0	2	0
633	31	1	1	0.000000	6.032258	6.032258	0.000000	0.000000	0	8	0
634	31	1	1	0.000000	2.000000	1.967742	0.000000	0.000000	0	3	0
635	31	1	1	0.000000	7.548387	7.548387	0.000000	0.000000	0	4	0
636	26	1	1	0.000000	5.423077	5.423077	0.000000	0.000000	0	7	0
637	14	1	1	0.000000	5.000000	4.000000	0.000000	0.000000	0	5	0
638	90	0	0	0.000000	4.000000	4.000000	0.000000	0.000000	0	2	0
639	87	0	0	0.000000	3.149425	3.149425	0.000000	0.000000	0	3	0
640	26	1	1	0.000000	3.730769	3.730769	0.000000	0.000000	0	2	0
641	31	1	1	0.000000	3.516129	3.516129	0.000000	0.000000	0	5	0
642	152	0	0	0.000000	3.848684	3.848684	0.000000	0.000000	0	4	0
643	37	1	1	0.000000	4.216216	4.216216	0.000000	0.000000	0	4	0
644	28	1	1	0.000000	3.857143	3.857143	0.000000	0.000000	0	5	0
645	18	1	1	0.000000	7.500000	7.500000	0.000000	0.000000	0	7	0
646	5	1	2	0.000000	13.200000	13.200000	0.000000	0.000000	0	7	0
647	25	1	1	0.000000	4.320000	4.320000	0.000000	0.000000	0	4	0
648	136	0	0	0.000000	3.272059	3.272059	0.000000	0.000000	0	2	0
649	66	0	0	0.000000	3.939394	3.939394	0.000000	0.000000	0	2	0
650	28	1	1	0.000000	12.535714	12.535714	0.000000	0.000000	0	10	0
651	114	0	0	0.000000	4.692982	4.692982	0.000000	0.000000	0	4	0
652	23	1	2	0.000000	31.608696	30.565217	0.000000	0.000000	0	22	0
653	24	1	1	0.000000	4.000000	4.000000	0.000000	0.000000	0	2	0
654	1	1	2	0.000000	6.000000	5.000000	0.000000	0.000000	0	2	0
655	4	2	1	0.000000	7.000000	7.000000	0.000000	0.000000	0	4	0
656	24	1	1	0.000000	4.000000	4.000000	0.000000	0.000000	0	2	0
657	22	1	1	0.000000	9.181818	7.863636	0.000000	0.000000	0	6	0
658	29	1	1	0.000000	4.000000	4.000000	0.000000	0.000000	0	2	0
659	25	1	1	0.000000	4.000000	4.000000	0.000000	0.000000	0	2	0
660	26	1	1	0.000000	6.307692	6.307692	0.000000	0.000000	0	4	0
661	28	1	1	0.000000	4.000000	3.035714	0.000000	0.000000	0	2	0
662	134	0	0	0.000000	3.582090	3.223881	0.000000	0.000000	0	2	0
663	11	2	1	0.000000	24.090909	22.818182	0.000000	0.000000	0	12	0
664	10	2	1	0.000000	17.200000	16.200000	0.000000	0.000000	0	10	0
665	30	1	1	0.000000	6.533333	5.866667	0.000000	0.000000	0	4	0
666	71	0	0	0.000000	4.000000	4.000000	0.000000	0.000000	0	2	0
667	9	1	1	0.000000	2.444444	2.444444	0.000000	0.000000	0	2	0
668	27	1	1	0.000000	3.037037	3.037037	0.000000	0.000000	0	7	0
669	25	1	1	0.000000	3.960000	3.960000	0.000000	0.000000	0	5	0
670	25	1	1	0.000000	8.400000	8.400000	0.000000	0.000000	0	9	0
671	23	1	1	0.000000	4.086957	4.086957	0.000000	0.000000	0	3	0
672	24	1	1	0.000000	3.666667	3.666667	0.000000	0.000000	0	2	0
673	3	1	1	0.000000	14.666667	14.666667	0.000000	0.000000	0	9	0
674	75	0	0	0.000000	4.000000	4.000000	0.000000	0.000000	0	2	0
675	27	1	1	0.000000	4.037037	4.037037	0.000000	0.000000	0	3	0
676	26	1	1	0.000000	4.076923	4.076923	0.000000	0.000000	0	2	0
677	1	1	2	0.000000	8.000000	8.000000	0.000000	0.000000	0	4	0
678	19	1	1	0.000000	10.157895	10.157895	0.000000	0.000000	0	6	0
679	1	2	1	0.000000	9.000000	9.000000	0.000000	0.000000	0	5	0
680	30	1	1	0.000000	5.433333	5.433333	0.000000	0.000000	0	3	0
681	20	1	1	0.000000	5.000000	5.000000	0.000000	0.000000	0	3	0
682	31	1	1	0.000000	3.483871	3.483871	0.000000	0.000000	0	2	0
683	26	1	1	0.000000	4.000000	4.000000	0.000000	0.000000	0	2	0
684	23	1	1	0.000000	16.739130	15.782609	0.000000	0.000000	0	13	0
685	31	1	1	0.000000	3.193548	3.193548	0.000000	0.000000	0	2	0
686	15	1	1	0.000000	4.266667	4.266667	0.000000	0.000000	0	6	0
687	25	1	1	0.000000	4.040000	4.040000	0.000000	0.000000	0	2	0
688	27	1	1	0.000000	4.111111	4.111111	0.000000	0.000000	0	4	0
689	107	0	0	0.000000	4.000000	4.000000	0.000000	0.000000	0	2	0
690	22	1	1	0.000000	11.045455	11.045455	0.000000	0.000000	0	6	0
691	155	0	0	0.000000	3.122581	3.122581	0.000000	0.000000	0	2	0
692	31	1	1	0.000000	4.000000	4.000000	0.000000	0.000000	0	2	0
693	26	1	1	0.000000	7.384615	7.384615	0.000000	0.000000	0	3	0
694	26	1	1	0.000000	2.000000	2.000000	0.000000	0.000000	0	2	0
695	25	1	1	0.000000	4.000000	4.000000	0.000000	0.000000	0	2	0
696	25	1	1	0.000000	3.000000	3.000000	0.000000	0.000000	0	2	0
697	25	1	1	0.000000	29.160000	5.520000	0.000000	0.000000	0	28	0
698	72	0	0	0.000000	4.000000	4.000000	0.000000	0.000000	0	2	0
699	31	1	1	0.000000	3.645161	3.645161	0.000000	0.000000	0	4	0
700	3	1	1	0.000000	4.000000	4.000000	0.000000	0.000000	0	2	0
701	2	1	2	0.000000	1714.000000	6.000000	0.000000	0.000000	0	889	0
702	1	2	1	0.000000	8.000000	8.000000	0.000000	0.000000	0	4	0
703	23	1	1	0.000000	4.086957	4.086957	0.000000	0.000000	0	3	0
704	26	1	1	0.000000	7.807692	7.807692	0.000000	0.000000	0	7	0
705	18	1	1	0.000000	2.055556	2.055556	0.000000	0.000000	0	1	0
706	31	1	1	0.000000	2.225806	2.225806	0.000000	0.000000	0	4	0
707	27	1	1	0.000000	3.000000	3.000000	0.000000	0.000000	0	2	0
708	31	1	1	0.000000	6.354839	6.193548	0.000000	0.000000	0	4	0
709	75	0	0	0.000000	4.000000	4.000000	0.000000	0.000000	0	2	0
710	29	1	1	0.000000	2.000000	2.000000	0.000000	0.000000	0	2	0
711	94	1	0	0.000000	3.702128	3.702128	0.000000	0.000000	0	3	0
712	26	1	1	0.000000	9.692308	9.153846	0.000000	0.000000	0	7	0
713	26	1	1	0.000000	7.076923	7.076923	0.000000	0.000000	0	3	0
714	70	0	0	0.000000	3.814286	3.814286	0.000000	0.000000	0	2	0
715	22	1	1	0.000000	10.363636	10.363636	0.000000	0.000000	0	8	0
716	28	1	1	0.000000	25.250000	24.142857	0.000000	0.000000	0	23	0
717	30	1	1	0.000000	3.333333	2.766667	0.000000	0.000000	0	3	0
718	31	1	1	0.000000	3.193548	3.193548	0.000000	0.000000	0	3	0
719	73	0	0	0.000000	4.000000	3.575342	0.000000	0.000000	0	2	0
720	23	1	1	0.000000	6.608696	6.608696	0.000000	0.000000	0	7	0
721	31	1	1	0.000000	4.000000	4.000000	0.000000	0.000000	0	2	0
722	25	1	1	0.000000	4.160000	4.160000	0.000000	0.000000	0	4	0
723	29	1	1	0.000000	2.310345	2.310345	0.000000	0.000000	0	3	0
724	24	1	1	0.000000	4.000000	4.000000	0.000000	0.000000	0	2	0
725	31	1	1	0.000000	4.580645	4.580645	0.000000	0.000000	0	3	0
726	31	1	1	0.000000	8.483871	8.483871	0.000000	0.000000	0	9	0
727	21	1	1	0.000000	10.428571	10.428571	0.000000	0.000000	0	12	0
728	65	0	0	0.000000	4.000000	4.000000	0.000000	0.000000	0	2	0
729	1	2	1	0.000000	13.000000	7.000000	0.000000	0.000000	0	8	0
730	24	1	1	0.000000	4.000000	4.000000	0.000000	0.000000	0	2	0
731	31	1	1	0.000000	4.548387	4.548387	0.000000	0.000000	0	4	0
732	26	1	1	0.000000	4.576923	3.846154	0.000000	0.000000	0	4	0
733	31	1	1	0.000000	4.000000	4.000000	0.000000	0.000000	0	2	0
734	23	1	1	0.000000	5.130435	5.130435	0.000000	0.000000	0	4	0
735	47	1	1	0.000000	3.787234	3.787234	0.000000	0.000000	0	3	0
736	31	1	1	0.000000	2.741935	2.741935	0.000000	0.000000	0	4	0
737	31	1	1	0.000000	4.000000	4.000000	0.000000	0.000000	0	2	0
738	31	1	1	0.000000	2.580645	2.580645	0.000000	0.000000	0	4	0
739	24	1	1	0.000000	3.000000	3.000000	0.000000	0.000000	0	2	0
740	1	1	2	0.000000	4.000000	4.000000	0.000000	0.000000	0	3	0
741	96	0	0	0.000000	3.822917	3.822917	0.000000	0.000000	0	2	0
742	10	1	1	0.000000	4.000000	4.000000	0.000000	0.000000	0	2	0
743	110	0	0	0.000000	4.000000	4.000000	0.000000	0.000000	0	2	0
744	1	1	1	0.000000	5.000000	5.000000	0.000000	0.000000	0	3	0
745	26	1	1	0.000000	4.038462	4.038462	0.000000	0.000000	0	3	0
746	149	0	0	0.000000	3.194631	2.778523	0.000000	0.000000	0	2	0
747	15	1	1	0.000000	2.800000	2.800000	0.000000	0.000000	0	5	0
748	162	0	0	0.000000	2.907407	2.907407	0.000000	0.000000	0	2	0
749	24	1	1	0.000000	4.041667	4.041667	0.000000	0.000000	0	3	0
750	1	1	1	0.000000	4.000000	4.000000	0.000000	0.000000	0	2	0
751	31	1	1	0.000000	4.000000	4.000000	0.000000	0.000000	0	2	0
752	1	1	1	0.000000	3.000000	3.000000	0.000000	0.000000	0	3	0
753	36	1	1	0.000000	3.944444	3.944444	0.000000	0.000000	0	3	0
754	21	1	1	0.000000	6.809524	6.809524	0.000000	0.000000	0	5	0
755	127	0	0	0.000000	4.480315	4.480315	0.000000	0.000000	0	6	0
756	21	1	1	0.000000	3.476190	3.476190	0.000000	0.000000	0	3	0
757	1	2	1	0.000000	11.000000	11.000000	0.000000	0.000000	0	7	0
758	28	1	1	0.000000	4.000000	4.000000	0.000000	0.000000	0	2	0
759	10	1	1	0.000000	4.000000	4.000000	0.000000	0.000000	0	2	0
760	67	0	0	0.000000	4.000000	4.000000	0.000000	0.000000	0	2	0
761	13	1	1	0.000000	2.769231	2.769231	0.000000	0.000000	0	6	0
762	31	1	1	0.000000	3.709677	3.709677	0.000000	0.000000	0	7	0
763	135	0	0	0.000000	2.481481	2.229630	0.000000	0.000000	0	2	0
764	25	1	1	0.000000	3.000000	3.000000	0.000000	0.000000	0	2	0
765	1	1	2	0.000000	9.000000	9.000000	0.000000	0.000000	0	6	0
766	2	1	1	0.000000	2.000000	2.000000	0.000000	0.000000	0	2	0
767	31	1	1	0.000000	4.000000	4.000000	0.000000	0.000000	0	2	0
768	116	0	0	0.000000	2.568966	2.568966	0.000000	0.000000	0	3	0
769	62	0	0	0.000000	4.000000	4.000000	0.000000	0.000000	0	2	0
770	110	0	0	0.000000	4.000000	4.000000	0.000000	0.000000	0	2	0
771	23	1	1	0.000000	4.000000	4.000000	0.000000	0.000000	0	2	0
772	31	1	1	0.000000	4.645161	4.645161	0.000000	0.000000	0	4	0
773	38	1	1	0.000000	4.763158	4.763158	0.000000	0.000000	0	5	0
774	87	0	0	0.000000	4.000000	4.000000	0.000000	0.000000	0	2	0
775	31	1	1	0.000000	3.548387	3.548387	0.000000	0.000000	0	2	0
776	24	1	1	0.000000	5.166667	5.166667	0.000000	0.000000	0	4	0
777	106	0	0	0.000000	4.000000	3.707547	0.000000	0.000000	0	2	0
778	78	0	0	0.000000	2.000000	2.000000	0.000000	0.000000	0	1	0
779	65	0	0	0.000000	3.923077	3.923077	0.000000	0.000000	0	2	0
780	1	2	1	0.000000	7.000000	7.000000	0.000000	0.000000	0	3	0
781	27	1	1	0.000000	3.962963	3.962963	0.000000	0.000000	0	2	0
782	27	1	1	0.000000	3.148148	3.148148	0.000000	0.000000	0	4	0
783	131	0	0	0.000000	2.389313	2.389313	0.000000	0.000000	0	2	0
784	1	2	2	0.000000	1639.000000	5.000000	0.000000	0.000000	0	803	0
785	14	1	1	0.000000	2.642857	2.642857	0.000000	0.000000	0	2	0
786	28	1	1	0.000000	3.000000	3.000000	0.000000	0.000000	0	2	0
787	31	1	1	0.000000	11.193548	11.193548	0.000000	0.000000	0	11	0
788	31	1	1	0.000000	9.677419	9.677419	0.000000	0.000000	0	7	0
789	121	0	0	0.000000	4.041322	4.041322	0.000000	0.000000	0	4	0
790	5	1	2	0.000000	417.000000	161.200000	0.000000	0.000000	0	222	0
791	31	1	1	0.000000	4.677419	4.677419	0.000000	0.000000	0	4	0
792	31	1	1	0.000000	3.161290	3.161290	0.000000	0.000000	0	3	0
793	29	1	1	0.000000	2.862069	2.862069	0.000000	0.000000	0	5	0
794	24	1	1	0.000000	4.000000	4.000000	0.000000	0.000000	0	2	0
795	12	1	2	0.000000	7.000000	7.000000	0.000000	0.000000	0	3	0
796	22	1	1	0.000000	4.727273	4.727273	0.000000	0.000000	0	6	0
797	101	0	0	0.000000	4.000000	4.000000	0.000000	0.000000	0	2	0
798	31	1	1	0.000000	5.935484	5.935484	0.000000	0.000000	0	8	0
799	164	0	0	0.000000	3.939024	3.750000	0.000000	0.000000	0	5	0
800	31	1	1	0.000000	4.000000	4.000000	0.000000	0.000000	0	2	0
801	23	1	1	0.000000	5.304348	5.304348	0.000000	0.000000	0	3	0
802	177	0	0	0.000000	2.734463	2.734463	0.000000	0.000000	0	2	0
803	26	1	1	0.000000	4.000000	4.000000	0.000000	0.000000	0	2	0
804	31	1	1	0.000000	4.129032	4.129032	0.000000	0.000000	0	2	0
805	30	1	1	0.000000	4.700000	4.700000	0.000000	0.000000	0	4	0
806	24	1	1	0.000000	4.000000	4.000000	0.000000	0.000000	0	2	0
807	5	1	2	0.000000	659.200000	3.000000	0.000000	0.000000	0	396	0
808	18	1	1	0.000000	12.944444	4.000000	0.000000	0.000000	0	6	0
809	124	0	0	0.000000	3.669355	3.169355	0.000000	0.000000	0	2	0
810	31	1	1	0.000000	5.838710	5.838710	0.000000	0.000000	0	11	0
811	37	1	1	0.000000	4.864865	3.486486	0.000000	0.000000	0	6	0
812	116	0	0	0.000000	2.801724	2.801724	0.000000	0.000000	0	2	0
813	84	0	0	0.000000	4.000000	4.000000	0.000000	0.000000	0	2	0
814	121	0	0	0.000000	2.000000	2.000000	0.000000	0.000000	0	2	0
815	63	2	1	0.000000	3.492063	3.492063	0.000000	0.000000	0	5	0
816	2	1	1	0.000000	4.000000	4.000000	0.000000	0.000000	0	2	0
817	31	1	1	0.000000	4.000000	4.000000	0.000000	0.000000	0	2	0
818	31	1	1	0.000000	3.741935	3.741935	0.000000	0.000000	0	8	0
819	2	1	2	0.000000	7.000000	7.000000	0.000000	0.000000	0	3	0
820	114	0	0	0.000000	4.000000	4.000000	0.000000	0.000000	0	2	0
821	10	1	1	0.000000	3.000000	3.000000	0.000000	0.000000	0	4	0
822	29	1	1	0.000000	4.137931	4.137931	0.000000	0.000000	0	2	0
823	64	0	0	0.000000	4.000000	4.000000	0.000000	0.000000	0	2	0
824	29	1	1	0.000000	4.000000	4.000000	0.000000	0.000000	0	2	0
825	223	0	0	0.000000	2.170404	2.170404	0.000000	0.000000	0	2	0
826	2	1	1	0.000000	4.000000	4.000000	0.000000	0.000000	0	2	0
827	31	1	1	0.000000	4.000000	4.000000	0.000000	0.000000	0	2	0
828	26	1	1	0.000000	3.038462	3.038462	0.000000	0.000000	0	4	0
829	23	1	1	0.000000	3.391304	3.391304	0.000000	0.000000	0	2	0
830	24	1	1	0.000000	3.333333	3.333333	0.000000	0.000000	0	2	0
831	1	1	2	0.000000	3794.000000	6.000000	0.000000	0.000000	0	28	0
832	27	1	1	0.000000	3.074074	3.074074	0.000000	0.000000	0	2	0
833	24	1	1	0.000000	2.166667	2.166667	0.000000	0.000000	0	3	0
834	146	0	0	0.000000	3.315068	3.315068	0.000000	0.000000	0	2	0
835	24	1	1	0.000000	4.000000	4.000000	0.000000	0.000000	0	2	0
836	27	1	1	0.000000	3.185185	3.185185	0.000000	0.000000	0	2	0
837	13	1	1	0.000000	8.846154	8.846154	0.000000	0.000000	0	11	0
838	30	1	1	0.000000	5.266667	5.266667	0.000000	0.000000	0	6	0
839	31	1	1	0.000000	4.000000	3.096774	0.000000	0.000000	0	2	0
840	27	1	1	0.000000	2.037037	2.037037	0.000000	0.000000	0	1	0
841	24	1	1	0.000000	3.041667	3.041667	0.000000	0.000000	0	3	0
842	26	1	1	0.000000	3.115385	3.115385	0.000000	0.000000	0	2	0
843	28	1	1	0.000000	4.071429	4.071429	0.000000	0.000000	0	2	0
844	90	0	0	0.000000	2.933333	2.933333	0.000000	0.000000	0	2	0
845	82	0	0	0.000000	3.804878	3.426829	0.000000	0.000000	0	2	0
846	31	1	1	0.000000	3.354839	3.354839	0.000000	0.000000	0	4	0
847	31	1	1	0.000000	2.129032	2.129032	0.000000	0.000000	0	3	0
848	70	2	0	0.000000	25.842857	1.371429	0.000000	0.000000	0	36	0
849	94	0	0	0.000000	4.000000	4.000000	0.000000	0.000000	0	2	0
850	31	1	1	0.000000	2.548387	2.548387	0.000000	0.000000	0	3	0
851	26	1	1	0.000000	4.000000	4.000000	0.000000	0.000000	0	2	0
852	31	1	1	0.000000	6.258065	6.258065	0.000000	0.000000	0	6	0
853	31	1	1	0.000000	4.000000	4.000000	0.000000	0.000000	0	2	0
854	32	1	1	0.000000	3.781250	3.781250	0.000000	0.000000	0	5	0
855	24	1	1	0.000000	4.000000	4.000000	0.000000	0.000000	0	2	0
856	63	0	0	0.000000	2.968254	2.968254	0.000000	0.000000	0	2	0
857	114	0	0	0.000000	4.000000	4.000000	0.000000	0.000000	0	2	0
858	1	2	1	0.000000	8.000000	7.000000	0.000000	0.000000	0	6	0
859	25	1	1	0.000000	4.000000	4.000000	0.000000	0.000000	0	2	0
860	31	1	1	0.000000	2.516129	2.516129	0.000000	0.000000	0	3	0
861	24	1	1	0.000000	9.750000	9.750000	0.000000	0.000000	0	7	0
862	103	0	0	0.000000	3.456311	3.456311	0.000000	0.000000	0	2	0
863	31	1	1	0.000000	3.387097	3.387097	0.000000	0.000000	0	3	0
864	27	1	1	0.000000	5.740741	4.851852	0.000000	0.000000	0	9	0
865	31	1	1	0.000000	2.903226	2.903226	0.000000	0.000000	0	5	0
866	136	0	0	0.000000	3.007353	3.007353	0.000000	0.000000	0	2	0
867	67	0	0	0.000000	4.000000	4.000000	0.000000	0.000000	0	2	0
868	10	1	1	0.000000	3.000000	3.000000	0.000000	0.000000	0	2	0
869	120	0	0	0.000000	3.875000	3.875000	0.000000	0.000000	0	2	0
870	25	1	1	0.000000	3.560000	3.560000	0.000000	0.000000	0	2	0
871	30	1	1	0.000000	4.000000	4.000000	0.000000	0.000000	0	2	0
872	31	1	1	0.000000	3.903226	3.903226	0.000000	0.000000	0	6	0
873	6	1	1	0.000000	4.166667	4.166667	0.000000	0.000000	0	5	0
874	16	1	1	0.000000	2.562500	2.562500	0.000000	0.000000	0	1	0
875	25	1	1	0.000000	2.120000	2.120000	0.000000	0.000000	0	2	0
876	22	1	1	0.000000	3.909091	3.909091	0.000000	0.000000	0	2	0
877	81	0	0	0.000000	4.000000	4.000000	0.000000	0.000000	0	2	0
878	31	1	1	0.000000	2.322581	2.322581	0.000000	0.000000	0	2	0
879	31	1	1	0.000000	2.419355	2.419355	0.000000	0.000000	0	3	0
880	25	1	1	0.000000	3.520000	3.520000	0.000000	0.000000	0	2	0
881	10	2	1	0.000000	8.100000	8.100000	0.000000	0.000000	0	5	0
882	158	0	0	0.000000	3.050633	3.050633	0.000000	0.000000	0	2	0
883	213	0	0	0.000000	2.253521	2.253521	0.000000	0.000000	0	2	0
884	6	1	2	0.000000	4.000000	4.000000	0.000000	0.000000	0	3	0
885	28	1	1	0.000000	4.000000	4.000000	0.000000	0.000000	0	2	0
886	119	0	0	0.000000	2.000000	2.000000	0.000000	0.000000	0	2	0
887	97	0	0	0.000000	4.000000	4.000000	0.000000	0.000000	0	2	0
888	24	1	1	0.000000	4.041667	4.041667	0.000000	0.000000	0	2	0
889	12	1	1	0.000000	2.500000	1.666667	0.000000	0.000000	0	3	0
890	31	1	1	0.000000	4.000000	4.000000	0.000000	0.000000	0	2	0
891	24	1	1	0.000000	4.000000	4.000000	0.000000	0.000000	0	2	0
892	2	1	2	0.000000	6.000000	6.000000	0.000000	0.000000	0	2	0
893	25	1	1	0.000000	4.000000	4.000000	0.000000	0.000000	0	2	0
894	24	1	1	0.000000	4.000000	3.916667	0.000000	0.000000	0	2	0
895	6	1	1	0.000000	1352.000000	3.000000	0.000000	0.000000	0	783	0
896	31	1	1	0.000000	3.838710	3.838710	0.000000	0.000000	0	4	0
897	164	0	0	0.000000	2.939024	2.939024	0.000000	0.000000	0	2	0
898	151	0	0	0.000000	3.139073	3.139073	0.000000	0.000000	0	2	0
899	22	1	1	0.000000	4.045455	4.045455	0.000000	0.000000	0	3	0
900	25	1	1	0.000000	4.000000	4.000000	0.000000	0.000000	0	2	0
901	23	1	1	0.000000	3.130435	3.130435	0.000000	0.000000	0	3	0
902	79	0	0	0.000000	4.000000	4.000000	0.000000	0.000000	0	2	0
903	121	0	0	0.000000	3.826446	3.570248	0.000000	0.000000	0	2	0
904	11	2	1	0.000000	4.000000	4.000000	0.000000	0.000000	0	2	0
905	8	1	1	0.000000	3.000000	3.000000	0.000000	0.000000	0	2	0
906	30	1	1	0.000000	4.033333	4.033333	0.000000	0.000000	0	3	0
907	31	1	1	0.000000	4.000000	4.000000	0.000000	0.000000	0	2	0
908	22	1	1	0.000000	2.818182	2.818182	0.000000	0.000000	0	2	0
909	31	1	1	0.000000	2.000000	2.000000	0.000000	0.000000	0	3	0
910	31	1	1	0.000000	2.161290	2.161290	0.000000	0.000000	0	4	0
911	24	1	1	0.000000	3.000000	3.000000	0.000000	0.000000	0	2	0
912	77	0	0	0.000000	4.000000	4.000000	0.000000	0.000000	0	2	0
913	31	1	1	0.000000	2.096774	2.096774	0.000000	0.000000	0	2	0
914	31	1	1	0.000000	3.806452	3.258065	0.000000	0.000000	0	3	0
915	26	1	1	0.000000	2.000000	2.000000	0.000000	0.000000	0	1	0
916	36	1	1	0.000000	2.277778	2.277778	0.000000	0.000000	0	6	0
917	13	1	1	0.000000	2.538462	2.000000	0.000000	0.000000	0	3	0
918	26	1	1	0.000000	2.000000	2.000000	0.000000	0.000000	0	1	0
919	24	1	1	0.000000	2.000000	2.000000	0.000000	0.000000	0	1	0
920	31	1	1	0.000000	2.000000	1.096774	0.000000	0.000000	0	2	0
921	39	1	1	0.000000	4.076923	2.923077	0.000000	0.000000	0	4	0
922	25	1	1	0.000000	2.000000	2.000000	0.000000	0.000000	0	1	0
923	25	1	1	0.000000	2.000000	2.000000	0.000000	0.000000	0	1	0
924	85	0	0	0.000000	2.000000	2.000000	0.000000	0.000000	0	1	0
925	22	1	1	0.000000	2.000000	2.000000	0.000000	0.000000	0	1	0
926	24	1	1	0.000000	2.583333	2.583333	0.000000	0.000000	0	3	0
927	28	1	1	0.000000	2.000000	2.000000	0.000000	0.000000	0	1	0
928	23	1	1	0.000000	3.478261	3.478261	0.000000	0.000000	0	3	0
929	31	1	1	0.000000	2.000000	2.000000	0.000000	0.000000	0	1	0
930	21	1	1	0.000000	2.000000	2.000000	0.000000	0.000000	0	1	0
931	40	1	1	0.000000	2.575000	1.025000	0.000000	0.000000	0	1	0
932	63	0	0	0.000000	2.000000	2.000000	0.000000	0.000000	0	1	0
933	7	1	1	0.000000	2.000000	2.000000	0.000000	0.000000	0	1	0
934	1	2	1	0.000000	3.000000	3.000000	0.000000	0.000000	0	1	0
935	25	1	1	0.000000	2.000000	2.000000	0.000000	0.000000	0	1	0
936	31	1	1	0.000000	2.354839	2.354839	0.000000	0.000000	0	3	0
937	1	2	2	0.000000	868.000000	5.000000	0.000000	0.000000	0	491	0
938	7	1	1	0.000000	3.428571	3.428571	0.000000	0.000000	0	3	0
939	8	1	1	0.000000	2.000000	2.000000	0.000000	0.000000	0	1	0
940	24	1	1	0.000000	2.000000	2.000000	0.000000	0.000000	0	1	0
941	2	1	1	0.000000	3.000000	3.000000	0.000000	0.000000	0	1	0
942	31	1	1	0.000000	2.000000	2.000000	0.000000	0.000000	0	1	0
943	69	0	0	0.000000	2.000000	2.000000	0.000000	0.000000	0	1	0
944	27	1	1	0.000000	4.185185	2.629630	0.000000	0.000000	0	3	0
945	31	1	1	0.000000	3.806452	3.806452	0.000000	0.000000	0	5	0
946	31	1	1	0.000000	2.645161	2.645161	0.000000	0.000000	0	4	0
947	31	1	1	0.000000	6.354839	6.354839	0.000000	0.000000	0	11	0
948	31	1	1	0.000000	2.677419	2.677419	0.000000	0.000000	0	4	0
949	17	1	1	0.000000	2.117647	2.117647	0.000000	0.000000	0	3	0
950	1	1	1	0.000000	450.000000	450.000000	0.000000	0.000000	0	4	0
951	1	2	2	0.000000	2437.000000	1.000000	0.000000	0.000000	0	4	0
952	4	1	1	0.000000	2.500000	2.500000	0.000000	0.000000	0	2	0
953	3	1	1	0.000000	5.333333	5.333333	0.000000	0.000000	0	1	0
954	26	1	1	0.000000	2.000000	2.000000	0.000000	0.000000	0	2	0
955	3	1	1	0.000000	4.666667	4.666667	0.000000	0.000000	0	5	0
956	31	1	1	0.000000	2.064516	2.064516	0.000000	0.000000	0	3	0
957	30	1	1	0.000000	3.600000	3.100000	0.000000	0.000000	0	5	0
958	7	1	1	0.000000	3.000000	2.428571	0.000000	0.000000	0	1	0
959	31	1	1	0.000000	2.548387	2.548387	0.000000	0.000000	0	4	0
960	31	1	1	0.000000	2.000000	2.000000	0.000000	0.000000	0	3	0
961	11	1	1	0.000000	3.000000	3.000000	0.000000	0.000000	0	3	0
962	31	1	1	0.000000	2.516129	1.838710	0.000000	0.000000	0	1	0
963	31	1	1	0.000000	2.129032	2.129032	0.000000	0.000000	0	3	0
964	25	1	1	0.000000	2.960000	2.080000	0.000000	0.000000	0	5	0
965	31	1	1	0.000000	2.709677	2.709677	0.000000	0.000000	0	2	0
966	2	2	1	0.000000	881.000000	747.500000	0.000000	0.000000	0	427	0
967	31	1	1	0.000000	3.612903	3.612903	0.000000	0.000000	0	7	0
968	31	1	1	0.000000	2.419355	2.419355	0.000000	0.000000	0	2	0
969	31	1	1	0.000000	2.870968	1.516129	0.000000	0.000000	0	2	0
970	11	1	1	0.000000	2.454545	1.909091	0.000000	0.000000	0	1	0
971	11	1	1	0.000000	3.090909	3.090909	0.000000	0.000000	0	3	0
972	31	1	1	0.000000	2.774194	1.161290	0.000000	0.000000	0	1	0
973	31	1	1	0.000000	2.096774	2.096774	0.000000	0.000000	0	3	0
974	31	1	1	0.000000	2.354839	2.354839	0.000000	0.000000	0	3	0
975	6	1	1	0.000000	6.000000	6.000000	0.000000	0.000000	0	7	0
976	11	1	1	0.000000	2.000000	2.000000	0.000000	0.000000	0	2	0
977	6	1	1	0.000000	2.000000	2.000000	0.000000	0.000000	0	1	0
978	15	1	1	0.000000	2.266667	2.266667	0.000000	0.000000	0	3	0
979	121	0	0	0.000000	2.000000	2.000000	0.000000	0.000000	0	2	0
980	13	1	1	0.000000	2.000000	2.000000	0.000000	0.000000	0	1	0
981	26	1	1	0.000000	2.846154	1.269231	0.000000	0.000000	0	2	0
982	5	1	1	0.000000	2.000000	2.000000	0.000000	0.000000	0	2	0
983	12	1	1	0.000000	2.750000	2.083333	0.000000	0.000000	0	3	0
984	31	1	1	0.000000	2.193548	1.322581	0.000000	0.000000	0	3	0
985	1	2	1	0.000000	110.000000	1.000000	0.000000	0.000000	0	3	0
986	30	1	1	0.000000	4.200000	3.800000	0.000000	0.000000	0	3	0
